000000000000000000000000000000000000000000
000111011001110111011101110111011111111100
000101010101010101010101010101010000000100
000101110101010101010101010101010111111100
000100000101010101010101010101010100000000
000111110111011101010101010101110111110000
000000010000000001010101010100000000010000
011111110111111101010111011100011101110000
010000000100000101010000000000010101000000
011111111101111101110000000001110111000000
000000000001000000000000000001000000000000
000000011111011111111100000001110000000000
000000010000010000000100000000010000000000
000001110111011101111101110000011111111100
000001000101000101000001010000000000000100
000001111101110101011101011101111101110100
000000000000010101010101000101000101010100
000000000001110101010101011101110101011100
000000000001000101010101010000010101000000
000000000001111101110111011111110111000000
000000000000000000000000000000000000000000
000000000000000000000000000000000000000000
