222222222222222222222222222222222222222222222222222222222222222222222222222222222222222222222222222222222222222222222222222222222222222222222222222222222222222222222222222222222222222222222222222222222222222222222222222222222222222222222222222222222222222222222222222222222222222222
222222222222222222222222222222222222222222222222222222222222222222222222222222222222222222222222222222222222222222222222222222222222222222222222222222222222222222222222222222222222222222222222222222222222222222222222222222222222222222222222222222222222222222222222222222222222222222
222222222222222222222222222222222222222222222222222222222222222222222222222222222222222222222222222222222222222222222222222222222222222222222222222222222222222222222222222222222222222222222222222222222222222222222222222222222222222222222222222222222222222222222222222222222222222222
222222222222222222222222222222222222222222222222222222222222222222222222222222222222222222222222222222222222222222222222222222222222222222222222222222222222222222222222222222222222222222222222222222222222222222222222222222222222222222222222222222222222222222222222222222222222222222
222222222222222222222222222222222222222222222222222222222222222222222222222222222222222222222222222222222222222222222222222222222222222222222222222222222222222222222222222222222222222222222222222222222222222222222222222222222222222222222222222222222222222222222222222222222222222222
222222222222222222222222222222222222222222222222222222222222222222222222222222222222222222222222222222222222222222222222222222222222222222222222222222222222222222222222222222222222222222222222222222222222222222222222222222222222222222222222222222222222222222222222222222222222222222
222222222222222222222222222222222222222222222222222222222222222222222222222222222222222222222222222222222222222222222222222222222222222222222222222222222222222222222222222222222222222222222222222222222222222222222222222222222222222222222222222222222222222222222222222222222222222222
222222222222222222222222222222222222222222222222222222222222222222222222222222222222222222222222222222222111222222222222222222222222222222222222222222222222222222222222222222222222222222222222222222222222222221112222222222222222222222222222222222222222222222222222222222222222222222
222222222222222222222222222222222222222222222222222222222222222222222222222222222222222222222222222222222121222222222222222222222222222222222222222222222222222222222222222222222222222222222222222222222222222221212222222222222222222222222222222222222222222222222222222222222222222222
222222222222222222222222222222222222222222222222222222222222222222222222222222222222222222222222222222211121222222222222222222222222222222222222222222222222222222222222222222222222222222222222222222222111211111211122222222222222222222222222222222222222222222222222222222222222222222
222222222222222222222222222222222222222222222222222222222222222222222222222222222222222222222222222222212221222222222222222222222222222222222222222222222222222222222222222222222222222222222222222222222121212222222122222222222222222222222222222222222222222222222222222222222222222222
222222222222222222222222222222222222222222222222222222222222222222222222222222222222222222222222222111112111222222222222222222222221112222222222222222222222222222222222222111222222222222222222222222222121211121111122222222222222222222222222222222222222222222222222222222222222222222
222222222222222222222222222222222222222222222222222222222222222222222222222222222222222222222222222122222122222222222222222222222221212222222222222222222222222222222222222121222222222222222222222222222121222121222222222222222222222222222222222222222222222222222222222222222222222222
222222222222222222222222222222222222222222222222222222222222222222222222222222222222222222222222222111112111112222222222222222222111211111112222222222222222222222222221111121112222222222222221111121112121211121112222222222222222222222222222222222222222222222222222222222222222222222
222222222222222222222222222222222222222222222222222222222222222222222222222222222222222222222222222222212222212222222222222222222122222222212222222222222222222222222221222222212222222222222221222121212121212222212222222222222222222222222222222222222222222222222222222222222222222222
222222222222222222222222222222222222222222222222222222222222222222222222222222222222222222222221112111211121112221112222222222222121112111112222222222222222222222222221111121112111222222222221112111211121112111211111222222222222222222222222222222222222222222222222222222222222222222
222222222222222222222222222222222222222222222222222222222222222222222222222222222222222222222221212121222121222221212222222222222121212122222222222222222222222222222222222121222121222222222222212222222222222121222221222222222222222222222222222222222222222222222222222222222222222222
222222222222222222222222222222222222222222222222222222222222222222222222222222222222211122211121212121222121222111211111222222222111212121112111112222222221112222211111211121112121222222222222211111111111211121111111211111222222222222222222222222222222222222222222222222222222222222
222222222222222222222222222222222222222222222222222222222222222222222222222222222222212122212121212121222121222122222221222222222222212121212122212222222221212222212221212222212121222222222222222222222221212222222222212221222222222222222222222222222222222222222222222222222222222222
222222222222222222222222222222222222222222222222222222222222222111222222222222211121112121112121212121211121112111211111222222222221112111212111212222222111212222211121212111112121222222222221112111211121212111222111212111222222222222222222222222222222222222222222222222222222222222
222222222222222222222222222222222222222222222222222222222222222121222222222222212121222121222121212121212222212221212222222222222221222222212221212222222122212222222121212122222121222222222221212121212121212121222121212122222222222222222222222222222222222222222222222222222222222222
222222222222222222222222222222222222222222222222222222222222222121112222222222212121112111211121212121211121112111211122222222211111211111112111212222211121112222211121112121112121112111222221212121212121212121112121212111111111222222222222222222222222222222222222222222222222222222
222222222222222222222222222222222222222222222222222222222222222122212222222222212122212222212221212121222121222122222122222222212222212222222122212222212221222222212222222121212122212121222221212121212121212122212121212222222221222222222222222222222222222222222222222222222222222222
222222222222222222222222222222222222222222222222222222211111211121112222222222212111112111212111211121112121111121111122222111211111211111112111211121112111222222211121112111212121112121112111211121112121212121112121212111111111222222222222222222222222222222222222222222222222222222
222222222222222222222222222222222222222222222222222222212221212221222222222222212222222121212122222222212122222221222222222121222221222222212221222121222122222222222121212222212121222122212122222222222121212121222121212122222222222222222222222222222222222222222222222222222222222222
222222222222222222222222222222222222222222222222222222212111211121222222222222211111112121112111111121112111211121111111211121111121211111112111211121112121112111222111211111212121211121112111112111112111212121112121112111222222222222222222222222222222222222222222222222222222222222
222222222222222222222222222222222222222222222222222222212122222121222222222222222222212122222222222121222221212122222221212222222121212222222122212222212121212121222222222221212121212221222222212122212222212122212122222221222222222222222222222222222222222222222222222222222222222222
222222222222222222222222222222222222222222222222222111212111211121112221112111211111112111112221111121222111212111111111211111112111212111222111211121112121212121111122211111212121211121112111211122211121112111211121111121112222222222222222222222222222222222222222222222222222222222
222222222222222222222222222222222222222222222222222121212221212222212221212121212222222222212221222221222122212222222222222222212222212121222221222121222121212122222122212222212121222122212121222222222121222221222221222122212222222222222222222222222222222222222222222222222222222222
222222222222222222222222222222222222222222222222222121212111211121112111212121112111111111211121111121112111211111111122211122211111212121211121211121211121212121111122211111211121211121112121222111211121211111211111211121112111222222222222222222222222222222222222222222222222222222
222222222222222222222222222222222222222222222222222121212122222121222122212122222122222221222122222122212221222222222122212122222221212121212121212221212221212121222222222221222221212221222121222121212221212222212222212221222121222222222222222222222222222222222222222222222222222222
222222222222222222222222222222222222222222222222211121112111211121112121112111111121111111211121112121112221211111111121112111111111212121212111211121212221212121211122211121211111211121211121112121211121212111112111211111211121112222222222222222222222222222222222222222222222222222
222222222222222222222222222222222222222222222222212222222221212222212121222222222221222222212221212121222221212222222221222222222222212121212222222121212221212121212122212121212222222121212222212121222121212122222121222222212222212222222222222222222222222222222222222222222222222222
222222222222222222222222222222222222222222222222211111111121212111112121111121111121111121112111212121211121212111211121111121111111211121212111111121212111211121212121112121212111211121112111112121112121212111211121111121112111212222222222222221112221112222222222222222222222222222
222222222222222222222222222222222222222222222222222222222121212122222122222121222122222121222122212121212121212121212122222121222221222221212122222221212122222221212121222121212121212222222122222122212121212221212222222121222121212222222222222221212221212222222222222222222222222222
222222222222222222222222222222222222222222222111211121111121112121112121111121112121112121112111211121112111211121112111222111211121111121112111211121212111112111212121112111211121212111112121112111212121212111212111111121211121112222211122222111211111212222222222222222222222222222
222222222222222222222222222222222222222222222121212121222222222121212121222222212121212122212221222222222222222222222221222222212122222122222221212121212222212122212122212222222221212122212121212221212121212122212122222221212222222222212122222122222222212222222222222222222222222222
222222222222222222222222222222222222222222222121212121111111211121212121112111212111211121112221112111211121112111211111211111212121111121111111212121211122212121112122211111112111212122211121211121212121212122212121112111211111111122212122222121111111112111222222222222222222222222
222222222222222222222222222222222222222222222121212122222221212221212122212121212222222221222222212121212121212121212222212221212121222221222222212121222122212121222122222222212122212122222221222121212121212122212121212122222222222122212122222121222222222121222222222222222222222222
222222222222222222222222222222222222222222222121112111112221212221212121112121211111112111211111211121212111211121112111112111212121111121111111212121112121112121112111111121112221112111112221112121211121112111212121212111211111111121112111211121222111211121222222222222222222222222
222222222222222222222222222222222222222222222122222222212221212221212121222121222222212122212221222221212222222222222122222122212122222122222221212122212121222122212222222121222121222222212222212121222222222221212121212221212222222221222221212221222121212221222222222222222222222222
222222222222222222222222222222222222222222222111111111212111212111211121112121111111112111211121211111212111111111222111112111212121112111211111212111212121112111212111111121112121112111112111212121112111211111212121212111211111111121111121212111211121112111222222222222222222222222
222222222222222222222222222222222222222222222222222221212122212122222222212122222222222221222121212222212122222221222222212221212121212221212222212221212122212221212122222222212122212122222121212122212121212222212121212122222222222122222121212122212222222122222222222222222222222222
222222222222222222222222222222222222222222211121111121212111212111211111112111112111111121112121112111112121111111211111211121212111212221212111212111212122211121112111211121112111112111211121112122212121112111212121212111211111111122222121212121112111111122222222222222222222222222
222222222222222222222222222222222222222222212121222121212221212221212222222222212122222122212122222122222121222222212221222121212222212221212121212122212122222122222221212121222222222221212222222122212122222121212121212221212222222222222121212121222122222222222222222222222222222222
222222222222222222222222222222222222222222212121112111212111212111211111211111211121112121112111112111112121211111211121222121211111212111212121212122212121112111111121212121211111111111211111112121112111211121212121212111211111211111211121212111211121112222222222222222222222222222
222222222222222222222222222222222222222222212122212222212122212122222221212221222221212121222222212222212121212221222121222121222221212122212121212122212121212222222121212121212222222222222222212121222221212221212121212122222221212221212221212222212221212222222222222222222222222222
222222222222222222222222222222222222222221112122211111211121112111211111211121112111211121222111212111211121112111211121112121111121212111212121212121112121212221112121212121211111112111111111112121211121211121212121212121111111211121112111212111212221212222222222222222222222222222
222222222222222222222222222222222222222221222122222221222221222221212222222122212122222221222121212121222222222122212222212122222121212221212121212121222121212221212121212121222222212122222222222121212121222121212121212121222222222122222122212121212221212222222222222222222222222222
222222222222222222222222222222211121112221112111211121111121112221212111211121112111211111211121212121111111111121112111112121112111212221211121212121112111211111211121112111211111112111111121112121212111211121112121211121111111211121111122211121211121212111222222222222222222222222
222222222222222222222222222222212121212222212221212122222122212221212121212221222221212222212221212122222222222221222122222121212222212221222221212122212222222222222222222222212222222222222121212121212222212222222121222222222221212221222222222221222121212121222222222222222222222222
222222222222222222222222222222212111211122212111212121112121112111212121211121111121212111211121112121111121112111211121112111211111211121112111212122211111211111211111112111112111111111112111212121211121112111111121112111111111211121222111112111211121211121111122222222222222222222
222222222222222222222222222222212222222122212122212121212121222122212121222122222121212121222122222121222121212122212221212222222221222122212122212122222221212221212222212122222122222222212222212121222121222122222222212122222222222121222122212122212221222222222122222222222222222222
222222222222222222222222222222212111112121112111112111211121112111212121222121111121212121112111112111211121212111212221212111112111211122212122212121111121112221112111112121111121111111112221112121112111211121112111112111112111211121112121112111212221112111111122222222222222222222
222222222222222222222222222222212122212121222222222222222222212221212121222121222221212122212222212222212221212221212221212122212122212222212122212121222122222222222122222121222221222222222221222122212222212221212122222222212121212222212121222221212222212122222222222222222222222222
222222222222222222222222222222211122212121111111111121111121112111212121211121112111212121112221112111112111211121211121212121112121112111212121112121211121111121112111112121211121211121112111211122212111112111212111211111112121211121112121222221211111212121112222222222222222222222
222222222222222222222222222222222222212122222222222121222121222122212121212222212122212121222221222122222122222121222121212121222121222121212121222121212221222121212222212121212121212121212122212222212122222122212221212222222121222121222121222221222221212121212222222222222222222222
222222222222222222222222211111222222212122211121112111211121112111211121112111112111212121112111211122211121111121112121212121211121112121112111211121212221112121212111112111212111212121212121112111212121112121112111212111211121112121112121112111211121112111211111222222222222222222
222222222222222222222222212221222222212122212121212222212222212221222222222122222221212122212122212222212221222222212121212121212222212122222222212221212222212121212122222222212222212121212121222121212121212121222122212121212222212122212122212122212122222222222221222222222222222222
222222222222222222222222211121112221112111112121212221112111211121111111112121112111212111212121112111211121111122212121211121211121112111111121112221211121112121212111112111112111212111212121211121212111211121112111212121211121112121112111212121112111111111111111222222222222222222
222222222222222222222222222122212221222222222121212221222121222122222222212121212122212221212121222121222122222122212121222221222121222222222121222221222121222121212222212122222121212222212121212221212222222222212221212121222121222121222221212121222222222222222222222222222222222222
222222222222222222222222222111211121111111112121211121111121112122211122212121212111212221211121111121222111211121112121111121211121111121111121211121112121112121212221112121112121211111212121211121212111111111112221211121211121211121111111211121111111111111222111222222222222222222
222222222222222222222222222221222122222222212121222122222222212122212122212121212221212221222222222221222221212221222122222121212222222121222221212122212122212121212221222121212121222221212121222121212122222222222221222221212221212222222222222222222222222221222121222222222222222222
222222222222222222222222222221112111112111212111211121112222212111212121112111211111211121111121111121112111211121211122211121211111211121111121212121112111212121211111211121212121211111212121211121212111211121111111211111212111212111111111111111111111211121111121222222222222222222
222222222222222222222222222222212222212121212222212221212222212221212121222222222222222122222121222122212122222121212222212221222221212222222121212121222221212121222222212221212121212222212121212221212221212121222222212222212122212122222222222222222221212122222221222222222222222222
222222222222222222222222222222212111211121211111212111211121112111212121111111111111112122211121112121112111112121212111211121222111211122211121112121211111212121111121112221212121211111212121211121211121212121111111211111212111112111111111111111111121212111111111222222222222222222
222222222222222222222222222222212121222221222221212122222121222122212122222222222222212122212222212121222222212121212121222121222122222122212222222121212222212122222121222221212121222221212121222121222121212122222221222221212222222222222222222222222121212222222222222222222222222222
222222222222222222222222222222211121111121111111211121111121112111212111211111211121112121112111112111211111212121211121211121112111112111212111111121212111212111211121112111212121112111212121112121111121112121112221211111212111111121112111112111211121112111222222222222222222222222
222222222222222222222222222222222222222122222222222221222222212221212221212221212121222121222122222222212221212121222221212222212222212221212122222221212121212221212222212122212122212122212122212122222222222121212221212222212122222121212122212121212222222121222222222222222222222222
222222222222222222222222222111111111112111211111111121222111211121212111212111212121112121112121112111211121212121112111211121112111212111212121112221212121211121212111112111212121112111212121112121111111111121212111212111112111112111212111212121211111111121111122222222222222222222
222222222222222222222222222122222222212221212222222121222121222121212122212122212122212122212121212121222121212122212122222121222121212122212121212221212121222121212122222221212121222221212121222121222222222221212122212122222222212222212221212121222222222222222122222222222222222222
222222222222222222222221112111111111212221112111111121111121111121112121112111212111212111212121212121211121212121112111112121211121212111212121211121212121112121112111211111212121211121212121112121112111111121212111212111211111112111211111212121211111111121112122222222222222222222
222222222222222222222221212222222221212222222122222222222222222222222121222221212221212221212121212121212221212121222222212121212221212221212121222121212122212122222221212222212121212121212122212122212122222121212221212221212222222121222222212121212222222121212122222222222222222222
222222222222222222222111212111211111211111111121111111111111111111112121111121212111212111212121212121211121212121211111112121211121112111212121211121212121112111112221211111212121112111212122211122212121112111211111212111211111111121111111212121211111112121212122222222222222222222
222222222222222222222122212121212222222222222221222222222222222222212122222121212122212122212121212121222121212121212222222121222122222122212121212221212121222222212221222221212122222222212122222222212121212222222222212122222222222222222221212121222222212121212122222222222222222222
222222222222222222222111211121112111112111211121112111111111111111112111111121112111112111212111212121211121212121211121112121211121112121112121212111212121112111112111211121212111112111112111112111112121211111111111211121112111211111111121212121112111112121211122222222222222222222
222222222222222222222221222222222122212121212122212122222222222222222222222222222222222221212222212121212221212121222121212121212221212121222121212122212122212122222122212121212222212122222222212122222121222222222221222221212121212222222121212122212122222121222222222222222222222222
222222222222222222222221112111211122211121112111112111111121112111211111211111112111111111211121112121211121212121112111212121211111212121211121212122212122212121111121112121212111212111112111112121112121211121112221111121211121112221112111211122212111112121222222222222222222222222
222222222222222222222222212121212222222222222222222222222121212121212221212222212122222222222121222121222121212122212222212121222222212121212221212122212122212121222221222121212121212222212122222121212121212121212222222121222222222221212222222222212222212121222222222222222222222222
222222222222222222222222212121212111112111111111112221112111211121112221112111112111211121112121211121211121212121112111212121211121112121211121212121112111211121112111222111212121212111112111112121212121112111211111112121111111111111211122211122212111212111222222222222222222222222
222222222222222222222222212121212122212122222222212221212222222222222222222122222221212121212121212221212221212121222121212121212121222121222121212121222221222222212122222222212121212122222222212121212122222222222222212122222222222222222122212122212121212222222222222222222222222222
222222222222222222222111112121212111211121111111211111211111111111211121112121112221212121212121212111211121212121222121112121112121112121112111211121211121211111112111111121112121112111211111112111212121111111111111112121111111111111112111112111211121112222222222222222222222222222
222222222222222222222122222121212221222221222221222222222222222221212121212121212221212121212121212122222121212121222122222122222122212122212222222221212121212222222222222121222122222221212222222222212121222222222222222121222222222222212222222221222222222222222222222222222222222222
222222222222222222222111111121211121111111211121111121111111111121212111212111211121212121211121212111211121212121211121112111222121112111212221112111212121211111112111111121112111211111211111111111212121111121111111222121111122211111212111111121111122222222222222222222222222222222
222222222222222222222222222221222122222222212122222121222222222121212222212222222121212121222221212221212221212121212221212221222121222221212221212122212121222222212122222222212221212222222222222221212122222121222221222122222122212221212122222122222122222222222222222222222222222222
222222222222222222222111111111211121111111212121112111211111211121112111211111111121112121211111211121112221112111211121211121112111211121112111211121112111211111112121112221112111211111112111112111212111222111211121112111112111112111212121112121111122222222222222222222222222222222
222222222222222222222122222222212221222221212121212222212221212222222121222222222222222121212222222122222222222222222121222122212222212122222122222221222222212222222121212221222122222222212122212122212221222222212122212222212222222122212121212121222222222222222222222222222222222222
222222222222222222222111111111112221111121212111211111211121211111111121111111111111112111211121112111111111111111112121112111211122212121111121111121211121112111112111211121112111211111112122211122211111211111112111112221112111211122211121212111222111222111222222222222222222222222
222222222222222222222222222222222222222121212222222221222121222222222222222222222222212222222121212222222222222222212122212221222122212121222221222121212121222122212222222122212221212222222122222222222222212222222222222221222121212222222221212222222121222121222222222222222222222222
222222222222222222222222222221111111222121211121111121111121111111112221111111111111112111111121211121112111111111112111211121112111212121111111211121112121112121112111111121112111212111112121112111211111112111112111111121211121112111222111211121111121111121111122222222222222222222
222222222222222222222222222221222221222121222121222122222222222222212221222222222222222122222221222121212122222222222221222122212221212122222222212222222122212121222122222221222122212122212121212121212222222122212122222121212222222121222122222121222222222222222122222222222222222222
222222222222222222222222222111211111211121112111222111111111112111211111222111111111112111111121222121212111111111112111211122211121112122211111212111211121112121112111111121112121112121112121212121211111112111211121111121112221112121211121112121211111111111111122222222222222222222
222222222222222222222222222122212222212222212222222222222222212121222222222122222222212222222121222121212222222222212122212222222122222122212221212121212221222122212222222122212121222121222121212121222222212221222221222222222221212121212221212121212222222222222222222222222222222222
222222222222222222222222222111212221112111211111111111211111112121111111111121112111211122211121211121211111211111112121112221112121112111112111212121211121112122211121112111211121112121111121211121111111211111211121111121111111211121112111211121211121111111222111222222222222222222
222222222222222222222222222221212221222121222222222221212222222122222222222221212121222122212221212221222221212222222121222221212121212222222122212121222122212122222121212221222222212122222221222222222221222222212122222121222222222222222122222221222121222221222121222222222222222222
222222222222222222222222211111211111211121112111111121211111111121111111112111211121112121112111211121112111211111112111211121212111212111111122212121211122211121112121211121112111112121112221111121111111211121112111111121112111111111211121112221211121211111211121222222222222222222
222222222222222222222222212222222222212222212122222121222222222221222222212122222222212121222122222122212122222222212222212121212222212122222222212121212222222221212121222122212122222121212222222121222222212121222222222222212122222221212221212221212221212222212221222222222222222222
222222222222222222222221112111211111211111211121111121211111111121111111212111211111212121211122222121112111112111112111212121212111112111111111211121211121111111211121112121112121111121211121112121112111212121111111112221112111111121211111211111211111211111212111222222222222222222
222222222222222222222221222121212221222221222221222221212222222122222221212221212221212121212222222121222222212122222121212121212122222222222221222221222121222222222222212121222121222221222121212122212121212122222222212221222222222121222222222222222222222221212122222222222222222222
222222222222222222222221111121112111211111211121111121211111211121112221211121112111212121211111211121111121112111112121112111212111112111111121111121211121111121112111112121222111211121112111212121112121212111111111211111211121112121211121111111211121111121112121112222222222222222
222222222222222222222222222222222122212222212122222121222221212221212221222122222122212121222221212222222121222222212122222222212222212122222122222121212222222121212122222121222222212122212222212121222121212222222221222222212121212121212121222221212121222122222121212222222222222222
222222222222222222222222211111111121112111112111111121112111211111211121222121111122211121112111211121111121112111112111211111211111112111112121112121211122211121212121111121211111112111112111212121111121112111111121111111112111211121112111211121212111222111211121211111111122222222
222222222222222222222222212222222221222122222222222222212122222222222121222121222222222222212122222121222222212122222221212221222222222222212121212121222122212221212121222221212222222222222121212122222222222122222122222222222222222222222222212121212222222221212221222222222122222222
222222222222222222222222212111211121222111111111111111211121111111112121112121111111222111211121111121111111212111112111212221111111211121112111211121111121112111212121211121211121112111111121211121111111211122211121111111111111111111111111212121211111112111211111211111211122222222
222222222222222222222222212121212121222222222222222221222221222222212122212122222221222121222221222222222221212222212122212222222221212121222222222222222221222122212121212121222121212122222221222221222221212222212221222222222222222222222221212121222222212122222222212221212222222222
222222222222222222222222212121112111211121112111211121111121211111112111112111111111211121112221111111111111211121112111211121112111212121111111112111111121111122211121112111222111211121111111211121211111211121112111211121111121112111111121112121111121112111112111212111212222222222
222222222222222222222222212122222222212121212121212122222121212222222222222222222222212222212222222222222222222121222221222121212122212122222222212122222122222222222222222222222222222221222222212121212222222121222122212121222121212122222122222122222121222222212121212122212222222222
222222222222222222222222212121111111112111212121112121111121211111111111111111211122211121112111111111111121112121112111211121211121112111112111211121112111112111111121112111111111111121112111212121211121111121111121112111222111212111112121112111112111211122211121112121112222222222
222222222222222222222222212121222222222222212122222121222221222222222222222221212122222121222122222222222121212122212122212221222221222222212121222221212222212122222121212122222222222122212121212121222121222222222221222222222222212222212121212222212222212122222222222121222222222222
222222222222222222222222211121112111111111212111112111211121211111111111111111212121111121211121111111112111212111212111112111211121111122212121211111211111112121112121212111111111112111112121212121222121211111111121111111111111211111212121212111112111212121111111112121112222222222
222222222222222222222222222222212122222221212222212222212121212222222222222222212121222221212221222222212222212221212222222122212122222122212121212222222222222121212121212222222222212222222121212121222121212222222122222222222221222221212121212122222121212121222222212122212222222222
222222222222222222222222222222211122211111211111112111112111211111111111111111112111211111211121111111212111211121211111112111212121111121112121211111112111222111212111212221112111211111111121212111211121211111112121111121111121111121212121212111111121112111211111112121112222222222
222222222222222222222222222222222222212222222222222122222222222222222222222222222222212222222122222221212121222121222222212221212121222221222121222222212121222222212222212221212121222222222221212222212221222222212121222121222122222121212121212222222222222222212222222121222222222222
222222222222222222222222222111111111211111111111111121112111111111111111111111111121112111222121111111212121111121111111112221212121112221211121111121112121211111112111211111211121111111111111211121112111211111112111222121112111211121212121212111112111211121112111112121112222222222
222222222222222222222222222122222221222222222222222221212122222222222222222222222121222121222121222222212122222222222222222221212122212221212222222121222121212222222121222222222222222222222222222121222122212222222222222122212221212221212121212122212121212121222122212122212222222222
222222222222222222222222222111211121111111111111111111211121112111211111111111112121111121111121111111211121111111111121112111212121112111211111211121112121211111112121111121111111211111211111211121112122211111111111112111112221112221212111211122212121212121111121112111112222222222
222222222222222222222222222221212122222222222222222222222221212121212222222222212122222222222222222221222221222222222121212122212121222122222221212222212121222222212122222121222221212221212221212222212122222222222222212222222222222221212222222222212121212122222221222222222222222222
222222222222222222222222222221112111111111211121111111211121211121112111111111112111211111211111211111211121211111111121211121112111211121111111211111211121112111112122211121211121212111212111211111211121112111111111112221112111211121112221112111211121212121112111222222222222222222
222222222222222222222222222222222222222221212121222221212121222222222122222222222221212221212221212222212121212222222221222221222222212221222222222221222222212122222122212221212121212122212122222221222221212122222222222221212121212122222221212121222221212121212122222222222222222222
222222222222222222222222222222222221112111212111211121112121211111112111111111111121212221212221212111212121211121112111211121111111211111222111111121211121112111112121112111212111212111212111211121211111212111111111111111211121112111222111211121111121212121211122222222222222222222
222222222222222222222222222222222221212122212222212122222121212222212222222222222121212221212221212121212121222121212122212122222221222222222122222121212121222222212121222122212222212221212221212121212222212222222222222222222222222221222122222222222121212121222222222222222222222222
222222222222222222222222211111111121212111112111112121112111211111211111111111111121211121211121211121212121112111212111212121111121111122222111112111212111211111112121112122211121112221112111212121211111211111111111111111211111111111211121111111211121112111222222222222222222222222
222222222222222222222222212222222121212222222122222121212222222221222222222222222221222121222121222221212122212222212221212121222122222122222222212222212222212222222122212122222121222222222122212121222221222222222222222221212222222222212221222221212222222222222222222222222222222222
222222222222222222222222211111112111211111112121112111211121112221111111111111111121211121111121111111212111112111211121212121222121111122222222212111211122211121112121112121111121111121111121112111211121211111111111111121112111111111212111211121112222222222222222222222222222222222
222222222222222222222222222222212222222222212121212222222121212222222222222222222121212222222222222222212222222121222121212121222121222222222222212121222122222121212121222121222222222121222221222222212121212222222222222122222122222221212122212122222222222222222222222222222222222222
222222222222222222222222222222211111111121112111211111112121211111111111111111111121112111211121111111212111112121211121212121112121111122222221112121112122222121212121111121211111211121111111211121112111212111111111112111112121111111212121112111211122222222222222222222222222222222
222222222222222222222222222222222222222121222222222222212121222222222222222222222222222121212121222221212122212121212221212122212122222122222221222122212122222121212122222221212221212222222222212121222222212122222222212222212121222222212121222221212122222222222222222222222222222222
222222222222222222222222222222222111111121211121111111112121111111111111111121112111222121212111211121112122211121112221212121112121111122222111211122212122222121211122211111212111212111111121112111211121112121111111211111211121112221112111211121112111211122211122222222222222222222
222222222222222222222222222222222122222221212121222222222122222222222222222121212121222121212222212122222122222222222221212121222121222222222122212222212122222121222222212222212122212122222121222222212121222121222221222221222222212221222222212122222221212122212122222222222222222222
222222222222222222222222222222211121111121212121111111112121112221111111111121211121112121212111112121112111211122211121112121211121111122222121112222211122222111222222211111212111112111112111211111212111222111211111211121112111211121211111112111211121212111212122222222222222222222
222222222222222222222222222222212221222121212122222222212121212221222222222221222222212121212122222121212221212122212122222121212222222122222121222222222222222222222222222221212222222222212222212221212222222222212222212122212121222121212222222221212121212221212122222222222222222222
222222222222222222222222211111211111211121112111112111112111211111211111211121211111112121112111112121211121112111212111222111211111211122222111222222222222222222222222222221112111211122211121112221112221111111112111112111211121112111212111111121112111212111212111112222222222222222
222222222222222222222222212221222222212222222222212122222222222222212221212121212222222122222222212121222122222221212221222222222221212222222222222222222222222222222222222222222121212122222121222222222221222222222122222221222222212222212122222122222222212122212222212222222222222222
222222222222222222222222211121211121112111211111212121111121112111212111212121211111111121111121112111211121111121112111222222222221112222222222222222222222222222222111222111111121112111111121211111111121211121112121111111211111211111112111211121111122212111112111112222222222222222
222222222222222222222222222121212121222121212221212121222121212121212122212121222222222221222121222222212221222122222122222222222222222222222222222222222222222222222121222122222222222222222221212222222121212121212121222222212221222222222221212221222122212222222122222222222222222222
222222222222222222222222222121112111211121112111211121211121212121112111112111211121112111222111222111211111222111211121111111222222222222222222222222222222222222222121112121111111111111211121211111112111212111211121111111212111222111222111211121211121112111211122222222222222222222
222222222222222222222222222122222222212222222122222221212221212122222222222222212121212122222222222121222222222221212221222221222222222222222222222222222222222222222122212121222222222221212121222222212222212222222222222221212122222121222122222121212221222121212222222222222222222222
222222222222222221112222222111211111112111111121112111211121212121111111111111112111211121112111112121111111211121211111211121112222222222222222222222222222222222222111212111211111111111212111211111112111112111111111111111212121112121111121112111211111211121212222222222222222222222
222222222222222221212222222221212222222122222221212122222121212121222222222222222222222221212122212122222221212121222222212122212222222222222222222222222222222222222221212222212222222222212222212222222122222122222222222222212121212122222221212222222222212221212222222222222222222222
222222222222222221212111222221112111112111111121212121111121211121111111111111112221112111211121112121111111212121211111112111112222222222222222222222222222222222222221212222211111111111112111211111211122211121112221112221112111211121111121211111111111112221112222222222222222222222
222222222222222221212121222222222122212222222121212121222221222222222222222222212221212122222221222121222222212121212222222222222222222222222222222222222222222222222221212222222222222222222121222221212222212221212221212221222222222221222121222222222222222222222222222222222222222222
222222222222222221211121112111211121112111222111212121111111222111211111112111212111211121111111211121111111212121112111211111222222222222222222222222222222222222222111212111222111211122211121111121112221112111211111211111211111111121112121111111111111211121112222222222222222222222
222222222222222221222222212121212221222121222222212122222222222121212222212121212122222221222222212222222221212122222121212221222222222222222222222222222222222222222122212121222121212122212222222122222221222122222222222222212222222122212122222222222221212121212222222222222222222222
222222222222222221112111211121112111211121211121112121111111112121112111211121211121112111211111212111111111212121112121212111222222222222222222222222222222222222222111212121211121112111211111112111111121111121111111112111211111112111112121111121111111212121212111222222222222222222
222222222222222222212121222222222122212221212121222121222222212122222121222221222221212122212221212122222222212121212121212122222222222222222222222222222222222222222221212121212222222221222222212222222122222221222222212121222222212222222121222121222222212121212121222222222222222222
222222222222222222211121211121112111211121212121111121111111212111111121111121111121211122211121212121112111212121212121112111222222222222222222222222222221112222222221212121112111111121112111211121112111211121111111212121211111112221112111211121211111112111212121112222222222222222
222222222222222222222221212121212221222121212122222222222221212222222222222122222121222222222121212121212121212121212122222221222222222222222222222222222221212222222221212122222122222122212121222121212221212122222221212121212222222221212222212221212222222222212122212222222222222222
222222222222222222222221212121211121111121112121112111222111211111111111111122211121211122211121112111211121212111211121111121112222222222222222222222222111211111211111212121111121112111212121222111211121212111111111211121211111111111211122211111212111112111112121112222222222222222
222222222222222222222221212121222122222222222121212121222122222222222222222222212221212122212222222222222221212222222221222122212222222222222222222222222122222221212222212121222221212221212121222222222121212222222222222221222222222222222122222222212122212122222121222222222222222222
222222222222222222222221112111222111112111112111212121211121111111112111222111211121112111112111211111211111212111111111222111211122222222222222222222222111211111211111212111211111211111211121112221112121211111111111111121211121111121112111211121112111211122222121222222222222222222
222222222222222222222222222222222222212122212222212121212221222222212121222121222122222222222121212221212222212122222222222221222122222222222222222222222221212222222221212222212222222222222222212221212121222222222222222121212121222121212221212121222221222222222121222222222222222222
222222222222222222222221112111111111211121112111211121211111222111211121111121112111111111111121211121112111212122211121112221111122222222222222222222222111211121111111212111211111111111111111211111211121112221111111111121112121112121211121112111211121111121111121112111222222222222
222222222222222222222221212122222221222221222121222221222222222121222222222222212222222222222221222122222121212122212121212222222222222222222222222222222122222121222222212121222222222222222221222222222222212221222222222222222122212121222122222222212122222121222222212121222222222222
222222222222222222211111212111111121111121211121211121111111111121112111111111112111222111211121111121112121112111112111211121111122222222222222222222222111112121111111212121211111111111111121211111211111211121112111112221112111112111222111211111212111111121111111211121222222222222
222222222222222222212222212222222122222121212221212122222222222222212122222222222121222121212122222221212122222222222222222121222122222222222222222222222222212122222221212121212222222222222121212221212221222122212122212221212222222222222221212221212222222222222221222221222222222222
222222222222222222212111211111222111112121112111212111112111112111212111111111111121112121112111211121211121112111211121112111211122222222222222211111111121112121111111212121211111111111112111212111212221112121112121112111211111211111211121212111211111112221112111211111222222222222
222222222222222222212121222221222222212122222122212222212122212121212222222222222222212122222221212121222221212121212121212222212222222222222222212222222121222121222222212121222222222222212222212122212222212121222121222122222221212221212121212122222222212221212122212222222222222222
222222222222222222211121111121111121112121112111112111112121112121211111111121112111211121111111212121112111211121212111212111211111222222222222212111111121112121112111211121111111111111211121112111212111112121111121112121111111212111212121112111111111112111212121112222222222222222
222222222222222222222222222122222121222121212222222122222121222121222222222121212121222221222222212122212122222221212222212121222221222222222222212122222222212122212121222222222222222221222121222221212122222122222222212121222222212122212122222222222222222122212121222222222222222222
222222222222222222222222222111112121112111211111222111111121111121211111222111211121111121111111112111112111111121112111211121111111211122222222212121112111212122211121111121111111111121111121112221112111112111111111211121111111112111212121112111211121112111211121111111222222222222
222222222222222222222222222222212122212222222221222222222222222221212221222222222222222122222222222222222222222122222121222222222222212122222222212121212121212122222222222121222222222122222222212222222222212222222221222222222222222221212121212121212121212221222222222221222222222222
222222222222222221112221112221112111112111211121112111112111211121112111211121112111222111112111112111111111111122211121111111222111212111211121112111212121112111112111111121211111111121112111212111111111112111112221111111211121111121112111211121112111211121211111211111222222222222
222222222222222221212221212221222222222121212122212122212121212122222122212121212121222222212122212122222222222222212222222221222121212221212121222222212122222222212122222221212222222221212121212122222222222122212222222221212121222122222222222222222222222121212221212222222222222222
222222222222222111211111211111211111211121112111211121112121212121112111112111212121111111212111212111111122211121112111211111211121211121112121112111112121112111112111111111212111211121212121212111211121112111211111111121212111222111111111211111211121112111211121212222222222222222
222222222222222122222222222222212221212222222221222221222121212121212222222222212122222221212221212222222122212121222121212222212221222122222122212122222121212122222222222222212121212121212121212221212121212221222222222121212222222222222221212221212121212222222121212222222222222222
222222222222222111112111111111211121212111211121211121112121212111212111111111112121111111211111211121112111112111211121112111211121112111112121112111112111212121112111112111211121112111211121112221112111211111211111211121112111211122211121211121212111212111211121112221112222222222
222222222222222222212122222221222121212121212121212122212121212222212122222222222121222222222222222121212222222222212222222121222122212222212121222222212222212121212122212121222222222222222222222222222222222222212221212222222121212122212121222121212222212121212222222221212222222222
222222222222222222211121111111211121212121112121112111211121211111212111111111111121112111111111222111212111211121112222211121112121112111112121111111211121112121212111211121112111211121111111112111222111111111112221112111111121112111112121211121212111211121212111211111212222222222
222222222222222222222221222222212221212122222122222221222221222221212222222222222222212122222221222222212121212121222222212222212121222122222122222221222121222121212221222222212121212121222222212121222122222222222222222122222222222222222121212221212121222221212121212222212222222222
222222222222222222222111211121112221112111112122211121211121111111211111111121112111212111211111211111211121112121111121112111212121211121111121112221112111211121211121112111212121112121111111211121112121111121112111222121111111112111211121212111212121111121211121112111112222222222
222222222222222222222122212121222222222222212122212121212122222222222222222121212121212221212222212221222222222122222121222121212121212221222221212222212222212221222122212121212122222122222221222222212121222121212121222121222222212121212221212122212122222121222222222122222222222222
222222222222222222222111212111211111111111112111212121112121112111112111222111211121212111211122212111211121112121111121111121212121212111222111212111211111211121211121112121112111112121111111211111211121222111211121211121111111212121211121112111212121111121111111111122222222222222
222222222222222222222221212222212222222222222221212122222121212122212121222222222221212122222122212122212121212121222222222221212121212122222122212121222221222121212221222122222222212121222222212221222221222222222221212222222221212121222122222221212121222222222222222222222222222222
222222222222222222222221112111211111111111111121212121112111211122211121111111222111211121112121112111112111212111222111211121212121212121112121112121111121112121211121112111112111112111211111211121112111211111111121112111211111211121112111211121112121211121111111222111222222222222
222222222222222222222222222121222222222222222121212121212222222222222222222221222122222221212121222222222222212222222121212121212121212121212121222122222122212121222122212222212122222222212221222122212122212222222122222121212222222222212221212122222121212121222221222121222222222222
222222222222222222222111111121111111111111111121112111212111211122211111111121112111211111212111211111111111112221112121112111211121212111211121211121112111212121211121112111112111111111212111211121112111212111112111211121112111222111211111212122211121112111211121111121112222222222
222222222222222222222122222222222222222222222222222222212121212122212222222122212221212222212222212222222222222221212122222222222221212222222221212221212221212121212221222122222222222221212122212221222221212122212221212222222121222121222222212122212222222222212122222222212222222222
222222222222222111222111111111111111111111111121111111212121112111112111112121112221211121112111211111111122211121212111111111211121112111111111211111211121212121211121112111211121111121112111211121112111211122211121211111111121211121112111212121112111211121112121112111112222222222
222222222222222121222222222222222222222222222121222221212122222222222122212121222221222121222121222222222122212121212222222221212122222122222222222222222121212121222122212221212121222122222221222122212122222222222121222222222221212222212121212121222121212121222121212122222222222222
222222222222211121222221112111222111211121111121211111212111111111112121112121211121112121112121112111112111112111212111111121112111112111112111211111211121212111211122211121112121211121111121111122211122211121111121111111111111212111212121212111211121112121112121211122222222222222
222222222222212221222221212121222121212121222221212222212222222222212121222121212122212122212122212122212222222222212122222122222222212222212121212221212221212222212222222122222121212221222122222222222222212121222222222222222222212121212121212222212222222122212121222222222222222222
222222222222211121211111211121111121112111211121211111211111111111211121112111212111211121112111212111211121111111112111112121112111112111112121211121211121212111212222222121111121211121211121111121111121112121111111111111211111112121112121212111112111222111112111222222222222222222
222222222222222121212222222222222222222222212121222221222222222221222222212222212221222221222221212221222121222222222222212121212122222122222121222121222121212121212222222121222221222121212221222121222121222122222222222221212222222122222121212122222121222222222222222222222222222222
222222222222211121211111111111111111111111112111211111211111111121111111112111212111211121111111211111222111211121112111112121212111211121111121112121111121211121211122211121211111211121211121112121112121112111111111111111212111111121111121112111111121111111111122222222222222222222
222222222222212221222222222222222222222222222222212222212222222122222222222121212122212122222222222222222222212121212122222121212221212221222222212122222221222221222122212221212222212221222122212122212122212222222222222222212122222221222222222222222222222222222122222222222222222222
222222222222211121111111111121111111111111111111112111112111211121112111211121212121112111111121111111111121112121212111112121212111212221211111112111211121211121112121112111211121112221112121112111112122211111112111211111112111111111211111211121111111111111111122222222222222222222
222222222222222122222222222121222222222222222222222122222121212221212121212221212121222222222121222222222121222121212222212121212122212221212222222221212121212122212121222122222121222222212121222222222122222222212121212222222222222222212221212121222222222222222222222222222222222222
222222222222222111211111112121111111211121112111211121112121211111211121112111212121211111111121211111111121112121212221112111212121112111212111211121112121112111112121112121112121111122212111211111211121112111211121112111211111111111211121212121111111111122211111222222222222222222
222222222222222221212222212122222221212121212121212221212121222222222222222122212121212222222221212222222222212121212221222222212121222122212121212122222122222222222122212121212122222122212222212221212221212121222222222121212222222221222121212122222222222122212221222222222222222222
222222222222222221112111112111111121112111211121212111211121211111111121111122212111211121112111211122211121112121211121111111211121112111211121112111112111111111112111212111212121111121112111212111211111211121111111111121211111211121111121112121111111211121112111222222222222222222
222222222222222222222122222222222122222222222221212122222221212222222121222222212222222121212122222122212121222121222122222221222222212221222222222222212222222222212221212222212121222221222121212122222222222222222222222221222221212122222222222121222221212221222122222222222222222222
222222222222222111112111112111112121111121111111212111211121112111112121111111112111111121212111112121112121211121112122211121211111112111211111211111112111111111112111212111112121211121111121112111112111211111111111112221111121112111111111211121111121212111211122222222222222222222
222222222222222122212222212122212121222121222222212221212122222122212122222222222122222221212222212121222121212222212122212121212222222122212221212222222122222222222122212122222121212122222222222222212121212222222222212222222122222222222221212222222121212122212222222222222222222222
222222222222222111211111112111211121112121111111112221212111211121112111111111112111111121211121112121211121211122212121112111211111112111211121112221112121111111112121112111111121212111112111211111211121112111111111112111222121112111111111211111211121211121112222222222222222222222
222222222222222221222222222221222222212122222222222221212221212221222222222222212222222121222121222121212221222122212121222222222222212221222122222221212121222222212121222222222221212222212121212221222222222122222222222121222121212122222222222221212221222221222222222222222222222222
222222222111111111211111111121112111212111211111211121112111211121111111111122212111111121211121112121212111211121112121111111211111112111211121112111212121211111212121111111211111211121112121211121111121112111111111111121112111212111111111111121211121211121112111222222222222222222
222222222122222222212222222122212121212221212221212122222122222122222222222122212122222221212222212121212122212221222122222221212222222122212221212122212121212221212122222221212222222121222121222122222121212222222222222222212222212222222222222121222121212122212121222222222222222222
222222222111112111212111111121112121211121211121212121111121111122211121112111212111111121211111212111212111212221211121111121211121111121112111212121112111211121212111211121211121112121211121112121111121212111111111111111212111211111111121112121112121112111212121222222222222222222
222222222222212121212122222221222121222121222121212121222221222222212121212221212222222121222221212222212221212221212221222121222121222221222122212121222222222121212221212121222121212121212222212121222221212122222222222221212121222222222121212122212122222221212121222222222222222222
222222222222211121112111211121111121111121112121112121211111222111112111211111211111111121211111212111112221212111211121112121112121211111222121112121211121112121212111212121112111212121211111211121211111212111111111112111211121111111222111211121112111111121211121222222222222222222
222222222222222222222221212122222222222222212122222121212222222122222222222222222222222221212222212122222221212122222122212122212121212222222121222121212121212121212122212122212222212121222221222221212222212222222222212122222222222221222222222221222222222121222221222222222222222222
222222222222222111211121112111111121111111212121111121212111111121112111111121112221112221212221112121112111212111211121112122212121212221112121211121212111212121112111212122211111212121112111211111211111211111111121112111111111111121211121112221111111111121112111222222222222222222
222222222222222121212122222222222121222221212121222221212122222221212122222121212221212221212221222121212122212221212221222122212121212221212121212221212222212122222221212122222221212122212122212222222221222222222121222222222222222121212121212222222222222222212122222222222222222222
222222222222211121112111111121111121211111211121112221112111112111211121111121212111211121211121211121212121112111211121112111112111212111212121212111211111212111211111212111211111212121112111212111112221111121112111211121111111211121112111211122211111112222211122222222222222222222
222222222222212222222222222121222221212222222222212222222222212122222221222221212122222121222121212221212121222122222122212222222222212122212121212122222221212221212222212221212222212121222221212122212222222121212222212121222221212222222222222122212222212222222222222222222222222222
222222222222212111211111112111211121212111211111212111222111211121111111211121212121111121211121211111212121111121112111211111211111112121112121212122211121212111211111212111211111212121211121212121112111222111211111112111211111211111111111211121112111112222222222222222222222222222
222222222222212121212222212222212121212121212221212121222121222221222222212121212121222221212221222222212122222221212221222221212222222121222121212122212121212122222221212122222221212121212121212121222121222222222222222222212222222222222221212221222122222222222222222222222222222222
222222222222211121112111112111212111211121112111211121112121111111211111212121212121112111211121111121112111112111211111211121212111211121112121212111212121212111111121212111211121211121212121212121211121211111211111112111211111222111211121112221211121112111222222222222222222222222
222222222222222222222122222121212222222222222122222222212122222222212221212121212122212122222122222121222222212122222222212121212121212222212121212221212121212222222121212221212121222221212121212121212221212221212222212121222221222121212122222221212221212121222222222222222222222222
222222222222222221112111112121212111112221111121111111212111111111112111212121212111212111211121112121222111212122222111212121212121211121112121212111212121212111222121211121212121112111212121212121212111212111211111212121211121111121112111211121212221211121112222222222222222222222
222222222222222221212222212121212122212221222221222221212222222222222122212121212221212221212221212121222121212122222121212121212121222121222121212122212121212121222121222121212122212122212121212121212122212122222221212121212122222222222221212121212221222222212222222222222222222222
222222222222222221212111211121112111211111211111211111211111111111111121112121211121211121212111212121112121112111211121212121212121112121211121212111212111212121211121211121212111212111212111211121212121112111211111212121212121112111111111212121212111211111212222222222222222222222
222222222222222221212121222222222221222222212222212222222222222222222221222121222121222121212122212122212122222221212221212121212122212121212221212221212222212121212221212221212221212221212222222221212121222221212222212121212121212122222222212121212122212221212222222222222222222222
222222222222211111211121111111111111211111212111112111112111211111111121211121222121112111212121112121112122211111212221112121212121112121212111211121212111112121212221211121211121212111211111211111212121112111211111212121212121212111111111112111211121112221211122222222222222222222
222222222222212222222222222222222222212221212122222122212121212222222121212221222122212222212121222121222122212222212222222121212121222121212122222121212122222121212221222121222121212122222221212222212122212122222221212121212121212222222222222222222221222221222122222222222222222222
222222222222211111112111211111211111212111212111112121112121212111111121212111211121112111212121112121112111212111211111222121211121112121212121112121212111112121212111211121112121212111211121211121112111212111211111211121112111212111112111111111111111222221111122222222222222222222
222222222222222222212121212221212221212122212222212121222121212122222221212122212221222121212122212122212221212121222221222121222222212121212121212121212222212121212122212222212121212221212121222121222221212221212222222222222222212122212122222222222222222222222222222222222222222222
222222222222222221112121112111212111212111112221112121111121112111112111212122211121211121112111212111211121211121211121211121111111211121212121211121211111212121112111212111211121112221212121112121112111212111211111112111211111212122212111111111111111112222222222222222222222222222
222222222222222221222122222122212122212222222221222122222222222222212122212122222121212222222221212221222121222221212121212222222221222221212121222221222221212122222221212121222222222221212122212122212122212122222222212121212221212122212222222222222222212222222222222222222222222222
222222222222222221111121111121112111212221111111211121111111111111112121112111222111211111112111211111211121111121212111212111211111211111212121211121112111212121111111211121112221112111212121112121112111212121112111211121112111212111212111211111211121112222222222222222222222222222
222222222222222222222221222221222221212221222222212221222222222222222121222221222222222222212122222222212222222121212222212121212222212222212121212122212122212121222222222222212221212122212121222121222221212121212121222222222122212221212121212221212121222222222222222222222222222222
222222222222222221111111211121211111211121211121112221211111211121112121112111211111111111112111111122211111211121112111212121211122211121112121212111112111211121111111112111211121211121112111211121112111212121212121112111112121112111211121212221112111222222222222222222222222222222
222222222222222221222222212121212222222121212121222221212221212121212122212122212222222222222222222122222221212222222121212121222122222121222121212222222221222222222222212121222121222221222222212222212122212121212122212122212121222122222221212222222222222222222222222222222222222222
222222222222211121211111212121212111211121112111211121212111212121211121112111211111111121111121112121111111211111112121212121112111112121222111211121111121111111211111112121112121211121112111112111112121112121212122211122212121112111112111211111111122222222222222222222222222222222
222222222222212121212221212121212121212222222222212121212122212121222221222221222222222121222121212121222222222222212121212122212222212121222222222121222122222221212222222122212121212122212122222122222121222121212122222222212122212222212122222222222122222222222222222222222222222222
222222222222212111212111212121211121211121111111112111212111212121112221112111211111111121112121211121211121111111211121212111212111212121211111111121112121112111211121112111212121212111212111112111222111211121212111111111212111212111112121112111112111222222222222222222222222222222
222222222222212222212122212121222221222121222222222222212221212122212222212122212222222222212121222221212121222221222221212221212121212121212222222222212121212122222121212221212121212221212222212221222222212221212222222221212221212122222121212122212221222222222222222222222222222222
222222222222212111212121112121211111211121211111211111212221212121112111112111211111112111112121111121212121211111211121211111212121212111211121111121112121212122211121211121212121112111211111212111211122211121211121111111212111211121112121212111211121112222222222222222222222222222
222222222222212121212121222121212222212221212221212221212221212121222122222221222222212122222122222121212121212222212121222222212121212222222121222121222121212122212221222121212122222122222221212122212122222121222121222222212122222221212121212221222122212222222222222222222222222222
222222222222211121112111222111211111211121212111211121112111212121112111112111211111112121111121111121212111211111212121111111212121211111211121211121112121212111211121112121212111222111112111212111112111112121211121111111212111111121212111211121112111112222222222222222222222222222
222222222222222222222222222222222221222121212122222122222122212122212222212122212222222121222221222221212222222221212122222221212121222221212221212222212121212221222122212121212221222222212122212222222222212121212222222221212222222121212222222122212222222222222222222222222222222222
222222222222222222222222222221111121211121112111211121111121112121112221112121112111112121211121111121112111111111212111211111212121211111211121211121112121211111222121112121211121112111112111211111112111212111211111211111211121112111211111112111112222222222222222222222222222222222
222222222222222222222222222221222121212222222221212221222221222121222221222121222122212121212122222122222122222222212221212222212121212222222121222121222121222222222121222121222122212122222221222222212121212222222221212222222121212222222222212222222222222222222222222222222222222222
222222222222222222222222222221112111211122211111211121112111211121211111211121112121112121212111211121111121111121112111211111212121212221111121211121112111211111111121112121222111212111211121111111212121211111112111211111211121211121112111211121112222222222222222222222222222222222
222222222222222222222222222222212222222122212222222122212122212221212222212222212121222121212221212221222221222121222122222221212121212221222221212222212222212222222222212121222221212221212122222221212121222222212122222221212221222121212121222121212222222222222222222222222222222222
222222222222222222222222222222211121111122211111211121112111211121212111212111211121112121211121112221211111211121112121112111212121212111211121211121112221112111211121112121112111212221212111211121212121112111212111112111211121211121211121111121212222222222222222222222222222222222
222222222222222222222222222222222121222222222221212221222221222121212121212121222222212121222122222221212222212222212121212122212121212122212121222121222221222121212121222122212122212221212221212121212122212121212222212122222121212221222222222221212222222222222222222222222222222222
222222222222222222222222222222222121111122222221112221211111211121212121212121111111212121112111112111211122211121112121212111212121112111212111211121111121112121112121222121112111112111212221212111211122211121211121112121112121211121111111112221212222222222222222222222222222222222
222222222222222222222222222222222122222122222222222221212222212221212121212122222221212122212222212122222122222121222121212221212122222221212222212222222122212122222121222121222222222122212221212222222222222221222121222121212121222122222222212221212222222222222222222222222222222222
222222222222222222222222222222211121111122222222211121211111211121212121212111211121112111211111212111211121111121112121211121211121111111211121112111211122212111112121112111211121112121112111211111111121111111211121211121211121211121112111211111211111112222222222222222222222222222
222222222222222222222222222222212221222222222222212121222221222121212121212221212122222221222221212221212221222222212121222121222221222222222121222121212222212222212122212222212121212121222122222222222121222222212221212221222221212221212121222222222222212222222222222222222222222222
222222222222222222222222222222211121112222222221112111211111211121212121112111212111211121111121112111211121111121112121112121111121111121112121112121211111212111212121112111112111211121222111211111111121211121112111212111211121212111212121211111211111212222222222222222222222222222
222222222222222222222222222222222122212222222221222222212222212221212122222122212221212122222122222122222122222121222122212122222122222121212122212121222221212121212121222122222222222221222221212222222221212121222122212122212121212122212121212221212221212222222222222222222222222222
222222222222222222222222222222222121112222222221111111212222211121212121111121112111212111211121111121112122211121112111212111111121112121211121112121211121211121212111222121111111211121211111211111111121112121222121112121112121211122212121211121211121112222222222222222222222222222
222222222222222222222222222222222121222222222222222221212222222121212121222221222122212221212221222221212122212222212221212222222221212121222221222121212121222221212222222121222221212121212222222222222122222121222121222121222121222222212121222121222122222222222222222222222222222222
222222222222222222222222222222222121222222222222222111211111222111211121112111222111112111211121211121211121112111212111211111111121211121211111211121212121111121212221112121211111212111211111211121112111211121112121112111222111211111112121211121111122222222222222222222222222222222
222222222222222222222222222222222121222222222222222122222221222222222222212122222222222122222121212121222221222121212122222222222121222221212222212221212122222121212221212121212222212222222221212121212221212222212122212222222222212222222121212222222222222222222222222222222222222222
222222222222222222222222222222222111222222222222222111112111211111112111212121111121111121111121112121211111211121212121112111111121112111212111211121112121112121211111212121211121112111111111212121211121211111112111112222222222211111111121112222222222222222222222222222222222222222
222222222222222222222222222222222222222222222222222222212122212222212121212121222121222221222222222121212222212221212121212122222222212122212121222122222121212121222222212121222121222122222222212121222121222222222222222222222222222222222222222222222222222222222222222222222222222222
222222222222222222222222222222222222222222222222222222212122211111212121112121112111211121111111222121212111211121212121211122211111211121112121211121111121212121111121112121112111222111111121112111211121111111112111222222222222222222222222222222222222222222222222222222222222222222
222222222222222222222222222222222222222222222222222222212122222221212122222122212222212122222221222121212121222121212121222222212221222221222121212221222221212122222121222122212222222222222121222222212222222222212121222222222222222222222222222222222222222222222222222222222222222222
222222222222222222222222222222222222222222222222222222211122211111212111111122211111212121112111211121212121211121112121111111112111211121112121212221111121212111112121222121112111111111111121111121112111211111211121111122222222222222222222222222222222222222222222222222222222222222
222222222222222222222222222222222222222222222222222222222222212222212222222222222221212121212122212221212121212222222122222222222122212122212121212222222121212222212121222121222122222222222222222121222121212221222222222122222222222222222222222222222222222222222222222222222222222222
222222222222222222222222222222222222222222222222222222222222211111212221112111211111212111212122211121212121212111211121111121111121112111112121211122222111212111112121112121112111111111111121111121211121212111211111111122222222222222222222222222222222222222222222222222222222222222
222222222222222222222222222222222222222222222222222222222222222221212221212121212222212222212122222121212121212121212221222121222221222222222121222122222222212122222122212122212222222222222121222221212221212122212222222222222222222222222222222222222222222222222222222222222222222222
222222222222222222222222222222222222222222222222222222222221111111211111211121112111211111212121111121212121211121211121211121112221211121112121112111222222212111211121112111112221111111112121111121211121212111211111112222222222222222222222222222222222222222222222222222222222222222
222222222222222222222222222222222222222222222222222222222221222222222222222222222121222221212121222221212121222221222121212222212221212121212122212221222222212221212221222222222221222222212122222121222121212221222222212222222222222222222222222222222222222222222222222222222222222222
222222222222222222222222222222222222222222222222222222222221112111112111211111211121211111212121112111212121211111222111211121112221112121212121112111222221112111211111222222222221211111211121112121112121211121112111211122222222222222222222222222222222222222222222222222222222222222
222222222222222222222222222222222222222222222222222222222222212122212121212221212221212222212122212122212121212222222222222121222222222121212121222122222221222122222222222222222221212221222221212122212121222122212121222122222222222222222222222222222222222222222222222222222222222222
222222222222222222222222222222222222222222222222222222222222211122212121212111211121211111212121112121112121212222222222222111222222222111212121111122222221112122222222222222222221112111211121211122212121211121112121111122222222222222222222222222222222222222222222222222222222222222
222222222222222222222222222222222222222222222222222222222222222222212121212122222121222221212121222121222121212222222222222222222222222222212122222222222222212122222222222222222222222122212121222222212121212221222122222222222222222222222222222222222222222222222222222222222222222222
222222222222222222222222222222222222222222222222222222222222222222211121212111211121211121212121211121211121112222222222222222222222222222211122222222222222212122222222222222222222211121112121111122211121112221112111222222222222222222222222222222222222222222222222222222222222222222
222222222222222222222222222222222222222222222222222222222222222222222221212221212221212121212121212221212222222222222222222222222222222222222222222222222222212122222222222222222222212221222122222122222222222222212221222222222222222222222222222222222222222222222222222222222222222222
222222222222222222222222222222222222222222222222222222222222222222222221112111211121112121211121112221112222222222222222222222222222222222222222222222222221112111222222222222222222211121211121111122222222222222211121222222222222222222222222222222222222222222222222222222222222222222
222222222222222222222222222222222222222222222222222222222222222222222222222122222122222121222222222222222222222222222222222222222222222222222222222222222221222221222222222222222222222121212221222222222222222222222121222222222222222222222222222222222222222222222222222222222222222222
222222222222222222222222222222222222222222222222222222222222222222222222222121111122222111222222222222222222222222222222222222222222222222222222222222222221112111222222222222222222222121211111222222222222222222222111222222222222222222222222222222222222222222222222222222222222222222
222222222222222222222222222222222222222222222222222222222222222222222222222121222222222222222222222222222222222222222222222222222222222222222222222222222222212122222222222222222222222121222222222222222222222222222222222222222222222222222222222222222222222222222222222222222222222222
222222222222222222222222222222222222222222222222222222222222222222222222222111222222222222222222222222222222222222222222222222222222222222222222222222222222211122222222222222222222222121111122222222222222222222222222222222222222222222222222222222222222222222222222222222222222222222
222222222222222222222222222222222222222222222222222222222222222222222222222222222222222222222222222222222222222222222222222222222222222222222222222222222222222222222222222222222222222122222122222222222222222222222222222222222222222222222222222222222222222222222222222222222222222222
222222222222222222222222222222222222222222222222222222222222222222222222222222222222222222222222222222222222222222222222222222222222222222222222222222222222222222222222222222222222222111111122222222222222222222222222222222222222222222222222222222222222222222222222222222222222222222
222222222222222222222222222222222222222222222222222222222222222222222222222222222222222222222222222222222222222222222222222222222222222222222222222222222222222222222222222222222222222222222222222222222222222222222222222222222222222222222222222222222222222222222222222222222222222222
222222222222222222222222222222222222222222222222222222222222222222222222222222222222222222222222222222222222222222222222222222222222222222222222222222222222222222222222222222222222222222222222222222222222222222222222222222222222222222222222222222222222222222222222222222222222222222
222222222222222222222222222222222222222222222222222222222222222222222222222222222222222222222222222222222222222222222222222222222222222222222222222222222222222222222222222222222222222222222222222222222222222222222222222222222222222222222222222222222222222222222222222222222222222222
222222222222222222222222222222222222222222222222222222222222222222222222222222222222222222222222222222222222222222222222222222222222222222222222222222222222222222222222222222222222222222222222222222222222222222222222222222222222222222222222222222222222222222222222222222222222222222
222222222222222222222222222222222222222222222222222222222222222222222222222222222222222222222222222222222222222222222222222222222222222222222222222222222222222222222222222222222222222222222222222222222222222222222222222222222222222222222222222222222222222222222222222222222222222222
222222222222222222222222222222222222222222222222222222222222222222222222222222222222222222222222222222222222222222222222222222222222222222222222222222222222222222222222222222222222222222222222222222222222222222222222222222222222222222222222222222222222222222222222222222222222222222
222222222222222222222222222222222222222222222222222222222222222222222222222222222222222222222222222222222222222222222222222222222222222222222222222222222222222222222222222222222222222222222222222222222222222222222222222222222222222222222222222222222222222222222222222222222222222222
222222222222222222222222222222222222222222222222222222222222222222222222222222222222222222222222222222222222222222222222222222222222222222222222222222222222222222222222222222222222222222222222222222222222222222222222222222222222222222222222222222222222222222222222222222222222222222
222222222222222222222222222222222222222222222222222222222222222222222222222222222222222222222222222222222222222222222222222222222222222222222222222222222222222222222222222222222222222222222222222222222222222222222222222222222222222222222222222222222222222222222222222222222222222222
222222222222222222222222222222222222222222222222222222222222222222222222222222222222222222222222222222222222222222222222222222222222222222222222222222222222222222222222222222222222222222222222222222222222222222222222222222222222222222222222222222222222222222222222222222222222222222
222222222222222222222222222222222222222222222222222222222222222222222222222222222222222222222222222222222222222222222222222222222222222222222222222222222222222222222222222222222222222222222222222222222222222222222222222222222222222222222222222222222222222222222222222222222222222222
222222222222222222222222222222222222222222222222222222222222222222222222222222222222222222222222222222222222222222222222222222222222222222222222222222222222222222222222222222222222222222222222222222222222222222222222222222222222222222222222222222222222222222222222222222222222222222
